 ,69.100,69.100
,0.036,0.017
,0.046,0.040
,0.032,0.016
,0.023,0.000
,0.037,0.027
,0.046,0.043
,0.044,0.038
,0.057,0.057
,0.091,0.104
,0.129,0.153
,0.165,0.188
,0.210,0.225
,0.281,0.271
,0.378,0.312
,0.456,0.316
,0.481,0.283
,0.455,0.268
,0.384,0.296
,0.308,0.329
,0.271,0.342
,0.274,0.353
,0.305,0.356
,0.319,0.346
,0.294,0.335
,0.241,0.338
,0.191,0.343
,0.181,0.347
,0.213,0.367
,0.260,0.399
,0.315,0.433
,0.396,0.449
,0.499,0.457
,0.586,0.457
,0.625,0.439
,0.618,0.403
,0.576,0.364
,0.520,0.335
,0.465,0.321
,0.397,0.309
,0.305,0.288
,0.211,0.296
,0.135,0.328
,0.104,0.348
,0.127,0.360
,0.167,0.368
,0.174,0.356
,0.184,0.351
,0.224,0.364
,0.268,0.378
,0.293,0.374
,0.326,0.371
,0.380,0.386
,0.434,0.403
,0.464,0.402
,0.506,0.401
,0.583,0.420
,0.656,0.430
,0.680,0.405
,0.658,0.377
,0.618,0.371
,0.576,0.370
,0.528,0.354
,0.466,0.339
,0.382,0.341
,0.322,0.361
,0.310,0.385
,0.337,0.389
,0.367,0.376
,0.370,0.366
,0.331,0.362
,0.293,0.361
,0.295,0.370
,0.340,0.388
,0.409,0.396
,0.454,0.383
,0.451,0.370
,0.411,0.369
,0.368,0.363
,0.315,0.353
,0.236,0.350
,0.158,0.364
,0.106,0.375
,0.099,0.378
,0.138,0.393
,0.192,0.400
,0.211,0.381
,0.185,0.358
,0.132,0.353
,0.100,0.362
,0.113,0.376
,0.169,0.386
,0.266,0.399
,0.364,0.399
,0.411,0.383
,0.407,0.367
,0.382,0.367
,0.343,0.371
,0.282,0.361
,0.208,0.351
,0.143,0.351
,0.105,0.371
,0.093,0.396
,0.092,0.394
,0.100,0.374
,0.118,0.372
,0.145,0.373
,0.187,0.365
,0.244,0.356
,0.294,0.368
,0.332,0.395
,0.352,0.413
,0.365,0.425
,0.375,0.422
,0.375,0.401
,0.383,0.390
,0.418,0.404
,0.443,0.407
,0.426,0.378
,0.401,0.359
,0.409,0.371
,0.432,0.395
,0.457,0.406
,0.497,0.417
,0.572,0.440
,0.654,0.459
,0.704,0.457
,0.711,0.428
,0.673,0.385
,0.598,0.358
,0.491,0.350
,0.395,0.352
,0.353,0.371
,0.342,0.383
,0.308,0.362
,0.269,0.346
,0.267,0.355
,0.270,0.372
,0.240,0.371
,0.216,0.383
,0.238,0.420
,0.276,0.440
,0.272,0.411
,0.248,0.382
,0.242,0.380
,0.276,0.392
,0.349,0.400
,0.451,0.415
,0.579,0.445
,0.689,0.462
,0.736,0.441
,0.769,0.442
,0.835,0.486
,0.905,0.511
,0.928,0.467
,0.900,0.396
,0.827,0.347
,0.722,0.321
,0.604,0.300
,0.498,0.285
,0.420,0.286
,0.347,0.301
,0.253,0.323
,0.162,0.323
,0.109,0.303
,0.105,0.321
,0.153,0.374
,0.209,0.403
,0.224,0.401
,0.210,0.398
,0.211,0.394
,0.235,0.393
,0.282,0.400
,0.322,0.414
,0.351,0.420
,0.385,0.419
,0.441,0.418
,0.492,0.419
,0.516,0.408
,0.542,0.399
,0.584,0.408
,0.609,0.419
,0.599,0.403
,0.555,0.379
,0.478,0.371
,0.370,0.394
,0.240,0.413
,0.126,0.405
,0.063,0.381
,0.064,0.377
,0.111,0.380
,0.176,0.388
,0.263,0.427
,0.357,0.463
,0.409,0.443
,0.408,0.385
,0.364,0.337
,0.296,0.315
,0.233,0.302
,0.211,0.317
,0.243,0.361
,0.303,0.409
,0.366,0.438
,0.409,0.426
,0.403,0.377
,0.393,0.355
,0.424,0.373
,0.464,0.381
,0.471,0.368
,0.445,0.362
,0.409,0.359
,0.359,0.349
,0.287,0.341
,0.233,0.352
,0.212,0.366
,0.221,0.375
,0.249,0.386
,0.303,0.404
,0.392,0.421
,0.474,0.415
,0.508,0.383
,0.489,0.366
,0.426,0.365
,0.355,0.361
,0.312,0.356
,0.296,0.363
,0.293,0.367
,0.284,0.362
,0.271,0.357
,0.265,0.368
,0.280,0.390
,0.311,0.393
,0.319,0.370
,0.337,0.363
,0.387,0.373
,0.427,0.365
,0.422,0.346
,0.380,0.354
,0.332,0.377
,0.311,0.390
,0.332,0.405
,0.353,0.403
,0.337,0.367
,0.282,0.348
,0.211,0.378
,0.166,0.427
,0.171,0.448
,0.200,0.432
,0.221,0.404
,0.245,0.400
,0.277,0.403
,0.318,0.397
,0.364,0.393
,0.387,0.394
,0.379,0.388
,0.363,0.377
,0.356,0.378
,0.335,0.389
,0.287,0.397
,0.238,0.385
,0.196,0.360
,0.188,0.365
,0.216,0.391
,0.250,0.398
,0.269,0.391
,0.301,0.404
,0.356,0.424
,0.391,0.419
,0.394,0.396
,0.413,0.401
,0.471,0.428
,0.533,0.432
,0.552,0.411
,0.548,0.405
,0.542,0.405
,0.542,0.405
,0.556,0.413
,0.551,0.413
,0.507,0.393
,0.442,0.375
,0.397,0.376
,0.374,0.386
,0.360,0.379
,0.334,0.373
,0.299,0.388
,0.262,0.412
,0.224,0.424
,0.191,0.417
,0.179,0.405
,0.210,0.413
,0.285,0.424
,0.374,0.417
,0.435,0.402
,0.498,0.406
,0.573,0.419
,0.622,0.406
,0.622,0.374
,0.577,0.340
,0.496,0.317
,0.389,0.311
,0.271,0.312
,0.159,0.329
,0.047,0.361
,0.000,0.377
,0.000,0.386
,0.000,0.404
,0.027,0.411
,0.096,0.393
,0.123,0.361
,0.141,0.367
,0.187,0.402
,0.245,0.414
,0.293,0.405
,0.343,0.404
,0.386,0.406
,0.442,0.403
,0.531,0.422
,0.619,0.432
,0.655,0.411
,0.669,0.395
,0.701,0.399
,0.761,0.437
,0.859,0.491
,0.955,0.507
,1.000,0.470
,0.988,0.437
,0.940,0.422
,0.863,0.395
,0.757,0.363
,0.655,0.312
,0.541,0.241
,0.410,0.208
,0.268,0.234
,0.133,0.303
,0.010,0.363
,0.000,0.384
,0.000,0.381
,0.000,0.385
,0.000,0.390
,0.000,0.373
,0.015,0.348
,0.077,0.353
,0.130,0.372
,0.189,0.378
,0.266,0.385
,0.327,0.398
,0.342,0.407
,0.312,0.391
,0.264,0.357
,0.206,0.343
,0.132,0.355
,0.053,0.362
,0.000,0.360
,0.000,0.364
,0.000,0.390
,0.000,0.396
,0.010,0.359
,0.007,0.330
,0.000,0.336
,0.000,0.359
,0.000,0.397
,0.063,0.423
,0.127,0.405
,0.190,0.373
,0.265,0.364
,0.320,0.368
,0.329,0.363
,0.294,0.346
,0.221,0.331
,0.139,0.349
,0.089,0.385
,0.045,0.413
,0.000,0.441
,0.000,0.444
,0.000,0.395
,0.000,0.350
,0.001,0.343
,0.057,0.349
,0.100,0.345
,0.154,0.354
,0.238,0.382
,0.326,0.401
,0.366,0.392
,0.359,0.373
,0.341,0.354
,0.318,0.358
,0.275,0.381
,0.217,0.383
,0.142,0.356
,0.096,0.348
,0.101,0.356
,0.136,0.357
,0.180,0.355
,0.218,0.362
,0.244,0.367
,0.274,0.371
,0.316,0.389
,0.345,0.400
,0.327,0.376
,0.306,0.361
,0.322,0.378
,0.346,0.392
,0.352,0.381
,0.365,0.374
,0.407,0.391
,0.459,0.411
,0.502,0.415
,0.521,0.407
,0.515,0.407
,0.500,0.407
,0.474,0.390
,0.452,0.382
,0.443,0.393
,0.425,0.411
,0.395,0.415
,0.349,0.391
,0.276,0.353
,0.222,0.351
,0.215,0.381
,0.235,0.394
,0.262,0.389
,0.286,0.388
,0.299,0.383
,0.303,0.371
,0.313,0.367
,0.351,0.381
,0.404,0.395
,0.431,0.388
,0.415,0.369
,0.358,0.364
,0.285,0.360
,0.234,0.348
,0.223,0.334
,0.256,0.353
,0.327,0.393
,0.388,0.396
,0.397,0.361
,0.386,0.354
,0.395,0.380
,0.395,0.384
,0.364,0.368
,0.345,0.371
,0.366,0.391
,0.380,0.389
,0.360,0.374
,0.337,0.376
,0.346,0.391
,0.364,0.388
,0.347,0.364
,0.303,0.359
,0.266,0.361
,0.269,0.376
,0.322,0.416
,0.391,0.436
,0.418,0.404
,0.441,0.390
,0.497,0.435
,0.585,0.486
,0.678,0.509
,0.734,0.481
,0.737,0.398
,0.690,0.298
,0.599,0.218
,0.509,0.203
,0.470,0.244
,0.454,0.288
,0.413,0.301
,0.369,0.302
,0.359,0.312
,0.347,0.331
,0.304,0.360
,0.242,0.380
,0.196,0.394
,0.195,0.407
,0.244,0.408
,0.302,0.387
,0.318,0.358
,0.326,0.360
,0.369,0.382
,0.415,0.382
,0.419,0.359
,0.395,0.347
,0.385,0.338
,0.360,0.329
,0.301,0.338
,0.247,0.370
,0.235,0.402
,0.271,0.420
,0.354,0.428
,0.441,0.418
,0.482,0.393
,0.471,0.381
,0.414,0.413
,0.324,0.441
,0.211,0.424
,0.115,0.397
,0.072,0.387
,0.079,0.375
,0.104,0.347
,0.155,0.349
,0.239,0.409
,0.359,0.543
,0.512,0.750
,0.641,0.926
,0.709,1.000
,0.713,0.973
,0.668,0.868
,0.584,0.716
,0.470,0.553
,0.365,0.448
,0.313,0.415
,0.305,0.396
,,
,,
,,
,,
,,
,,
,,
,,
,,
,,
,,
,,
,,
,,
,,
,,
,,
,,
,,
,,
,,
,,
,,
,,
,,
,,
,,
,,
,,
,,
,,
,,
,,
,,
,,
,,
,,
,,
,,
,,
,,
,,
,,
,,
,,
,,
,,
,,
,,
,,
,,
,,
,,
,,
,,
,,
,,
,,
,,
,,
,,
,,
,,
,,
,,
,,
,,
,,
,,
,,
,,
,,
,,
,,
,,
,,
,,
,,
,,
,,
,,
,,
,,
,,
,,
,,
,,
,,
,,
,,
,,
,,
,,
,,
,,
,,
,,
,,
,,
,,
,,
,,
,,
,,
,,
,,
,,
,,
,,
,,
,,
,,
,,
,,
,,
,,
,,
,,
,,
,,
,,
,,
,,
,,
,,
,,
,,
,,
,,
,,
,,
,,
,,
,,
,,
,,
,,
,,
,,
,,
,,
,,
,,
,,
,,
,,
,,
,,
,,
,,
,,
,,
,,
,,
,,
,,
,,
,,
,,
,,
,,
,,
,,
,,
,,
,,
,,
,,
,,
,,
,,
,,
,,
,,
,,
,,
,,
,,
,,
,,
,,
,,
,,
,,
,,
,,
,,
,,
,,
,,
,,
,,
,,
,,
,,
,,
,,
,,
,,
,,
,,
,,
,,
,,
,,
,,
,,
,,
,,
,,
,,
,,
,,
,,
,,
,,
,,
,,
,,
,,
,,
,,
,,
,,
,,
,,
,,
,,
,,
,,
,,
,,
,,
,,
,,
,,
,,
,,
,,
,,
,,
,,
,,
,,
,,
,,
,,
,,
,,
,,
,,
,,
,,
,,
,,
,,
,,
,,
,,
,,
,,
,,
,,
,,
,,
,,
,,
,,
,,
,,
,,
,,
,,
,,
,,
,,
,,
,,
,,
,,
,,
,,
,,
,,
,,
,,
,,
,,
,,
,,
,,
,,
,,
,,
,,
,,
,,
,,
,,
,,
,,
,,
,,
,,
,,
,,
,,
,,
,,
,,
,,
,,
,,
,,
,,
,,
,,
,,
,,
,,
,,
,,
,,
,,
,,
,,
,,
,,
,,
,,
,,
,,
,,
,,
,,
,,
,,
,,
,,
,,
,,
,,
,,
,,
,,
,,
,,
,,
,,
,,
,,
,,
,,
,,
,,
,,
,,
,,
,,
,,
,,
,,
,,
,,
,,
,,
,,
,,
,,
,,
,,
,,
,,
,,
,,
,,
,,
,,
,,
,,
,,
,,
,,
,,
,,
,,
,,
,,
,,
,,
,,
,,
,,
,,
,,
,,
,,
,,
,,
,,
,,
,,
,,
,,
,,
,,
,,
,,
,,
,,
,,
,,
,,
,,
,,
,,
,,
,,
,,
,,
,,
,,
,,
,,
,,
,,
,,
,,
,,
,,
,,
,,
,,
,,
,,
,,
,,
,,
,,
,,
,,
,,
,,
,,
,,
,,
,,
,,
,,
,,
,,
,,
,,
,,
,,
,,
,,
,,
,,
,,
,,
,,
,,
,,
,,
,,
,,
,,
,,
,,
,,
,,
,,
,,
,,
,,
,,
,,
,,
,,
,,
,,
,,
,,
,,
,,
,,
,,
,,
,,
,,
,,
,,
,,
,,
,,
,,
,,
,,
,,
,,
,,
,,
,,
,,
,,
,,
,,
,,
,,
,,
,,
,,
,,
,,
,,
,,
,,
,,
,,
,,
,,
,,
,,
,,
,,
,,
,,
,,
,,
,,
,,
,,
,,
,,
,,
,,
,,
,,
,,
,,
,,
,,
,,
,,
,,
,,
,,
,,
,,
,,
,,
,,
,,
,,
,,
,,
,,
,,
,,
,,
,,
,,
,,
,,
,,
,,
,,
,,
,,
,,
,,
,,
,,
,,
,,
,,
,,
,,
,,
,,
,,
,,
,,
,,
,,
,,
,,
,,
,,
,,
,,
,,
,,
,,
,,
,,
,,
,,
,,
,,
,,
,,
,,
,,
,,
,,
,,
,,
,,
,,
,,
,,
,,
,,
,,
,,
,,
,,
,,
,,
,,
,,
,,
,,
,,
,,
,,
,,
,,
,,
,,
,,
,,
,,
,,
,,
,,
,,
,,
,,
,,
,,
,,
,,
,,
,,
,,
,,
,,
,,
,,
,,
,,
,,
,,
,,
,,
,,
,,
,,
,,
,,
,,
,,
,,
,,
,,
,,
,,
,,
,,
,,
,,
,,
,,
,,
,,
,,
,,
,,
,,
,,
,,
,,
,,
,,
,,
,,
,,
,,
,,
,,
,,
,,
,,
,,
,,
,,
,,
,,
,,
,,
,,
,,
,,
,,
,,
,,
,,
,,
,,
,,
,,
,,
,,
,,
,,
,,
,,
,,
,,
,,
,,
,,
,,
,,
,,
,,
,,
,,
,,
,,
,,
,,
,,
,,
,,
,,
,,
,,
,,
,,
,,
,,
,,
,,
,,
,,
,,
,,
,,
,,
,,
,,
,,
,,
,,
,,
,,
,,
,,
,,
,,
,,
,,
,,
,,
,,
,,
,,
,,
,,
,,
,,
,,
,,
,,
,,
,,
,,
,,
,,
,,
,,
,,
,,
,,
,,
,,
,,
,,
,,
,,
,,
,,
,,
,,
,,
,,
,,
,,
,,
,,
,,
,,
,,
,,
,,
,,
,,
,,
,,
,,
,,
,,
,,
,,
,,
,,
,,
,,
,,
,,
,,
,,
,,
,,
,,
,,
,,
,,
,,
,,
,,
,,
,,
,,
,,
,,
,,
,,
,,
,,
,,
,,
,,
,,
,,
,,
,,
,,
,,
,,
,,
,,
,,
,,
,,
,,
,,
,,
,,
,,
,,
,,
,,
,,
,,
,,
,,
,,
,,
,,
,,
,,
,,
,,
,,
,,
,,
,,
,,
,,
,,
,,
,,
,,
,,
,,
,,
,,
,,
,,
,,
,,
,,
,,
,,
,,
,,
,,
,,
,,
,,
,,
,,
,,
,,
,,
,,
,,
,,
,,
,,
,,
,,
,,
,,
,,
,,
,,
,,
,,
,,
,,
,,
,,
,,
,,
,,
,,
,,
,,
,,
,,
,,
,,
,,
,,
,,
,,
,,
,,
,,
,,
,,
,,
,,
,,
,,
,,
,,
,,
,,
,,
,,
,,
,,
,,
,,
,,
,,
,,
,,
,,
,,
,,
,,
,,
,,
,,
,,
,,
,,
,,
,,
,,
,,
,,
,,
,,
,,
,,
,,
,,
,,
,,
,,
,,
,,
,,
,,
,,
,,
,,
,,
,,
,,
,,
,,
,,
,,
,,
,,
,,
,,
,,
,,
,,
,,
,,
,,
,,
,,
,,
,,
,,
,,
,,
,,
,,
,,
,,
,,
,,
,,
,,
,,
,,
,,
,,
,,
,,
,,
,,
,,
,,
,,
,,
,,
,,
,,
,,
,,
,,
,,
,,
,,
,,
,,
,,
,,
,,
,,
,,
,,
,,
,,
,,
,,
,,
,,
,,
,,
,,
,,
,,
,,
,,
,,
,,
,,
,,
,,
,,
,,
,,
,,
,,
,,
,,
,,
,,
,,
,,
,,
,,
,,
,,
,,
,,
,,
,,
,,
,,
,,
,,
,,
,,
,,
,,
,,
,,
,,
,,
,,
,,
,,
,,
,,
,,
,,
,,
,,
,,
,,
,,
,,
,,
,,
,,
,,
,,
,,
,,
,,
,,
,,
,,
,,
,,
,,
,,
,,
,,
,,
,,
,,
,,
,,
,,
,,
,,
,,
,,
,,
,,
,,
,,
,,
,,
,,
,,
,,
,,
,,
,,
,,
,,
,,
,,
,,
,,
,,
,,
,,
,,
,,
,,
,,
,,
,,
,,
,,
,,
,,
,,
,,
,,
,,
,,
,,
,,
,,
,,
,,
,,
,,
,,
,,
,,
,,
,,
,,
,,
,,
,,
,,
,,
,,
,,
,,
,,
,,
,,
,,
,,
,,
,,
,,
,,
,,
,,
,,
,,
,,
,,
,,
,,
,,
,,
,,
,,
,,
,,
,,
,,
,,
,,
,,
,,
,,
,,
,,
,,
,,
,,
,,
,,
,,
,,
,,
,,
,,
,,
,,
,,
,,
,,
,,
,,
,,
,,
,,
,,
,,
,,
,,
,,
,,
,,
,,
,,
,,
,,
,,
,,
,,
,,
,,
,,
,,
,,
,,
,,
,,
,,
,,
,,
,,
,,
,,
,,
,,
,,
,,
,,
,,
,,
,,
,,
,,
,,
,,
,,
,,
,,
,,
,,
,,
,,
,,
,,
,,
,,
,,
,,
,,
,,
,,
,,
,,
,,
,,
,,
,,
,,
,,
,,
,,
,,
,,
,,
,,
,,
,,
,,
,,
,,
,,
,,
,,
,,
,,
,,
,,
,,
,,
,,
,,
,,
,,
,,
,,
,,
,,
,,
,,
,,
,,
,,
,,
,,
,,
,,
,,
,,
,,
,,
,,
,,
,,
,,
,,
,,
,,
,,
,,
,,
,,
,,
,,
,,
,,
,,
,,
,,
,,
,,
,,
,,
,,
,,
,,
,,
,,
,,
,,
,,
,,
,,
,,
,,
,,
,,
,,
,,
,,
,,
,,
,,
,,
,,
,,
,,
,,
,,
,,
,,
,,
,,
,,
,,
,,
,,
,,
,,
,,
,,
,,
,,
,,
,,
,,
,,
,,
,,
,,
,,
,,
,,
,,
,,
,,
,,
,,
,,
,,
,,
,,
,,
,,
,,
,,
,,
,,
,,
,,
,,
,,
,,
,,
,,
,,
,,
,,
,,
,,
,,
,,
,,
,,
,,
,,
,,
,,
,,
,,
,,
,,
,,
,,
,,
,,
,,
,,
,,
,,
,,
,,
,,
,,
,,
,,
,,
,,
,,
,,
,,
,,
,,
,,
,,
,,
,,
,,
,,
,,
,,
,,
,,
,,
,,
,,
,,
,,
,,
,,
,,
,,
,,
,,
,,
,,
,,
,,
,,
,,
,,
,,
,,
,,
,,
,,
,,
,,
,,
,,
,,
,,
,,
,,
,,
,,
,,
