 ,69.100
,0.036
,0.046
,0.032
,0.023
,0.037
,0.046
,0.044
,0.057
,0.091
,0.129
,0.165
,0.210
,0.281
,0.378
,0.456
,0.481
,0.455
,0.384
,0.308
,0.271
,0.274
,0.305
,0.319
,0.294
,0.241
,0.191
,0.181
,0.213
,0.260
,0.315
,0.396
,0.499
,0.586
,0.625
,0.618
,0.576
,0.520
,0.465
,0.397
,0.305
,0.211
,0.135
,0.104
,0.127
,0.167
,0.174
,0.184
,0.224
,0.268
,0.293
,0.326
,0.380
,0.434
,0.464
,0.506
,0.583
,0.656
,0.680
,0.658
,0.618
,0.576
,0.528
,0.466
,0.382
,0.322
,0.310
,0.337
,0.367
,0.370
,0.331
,0.293
,0.295
,0.340
,0.409
,0.454
,0.451
,0.411
,0.368
,0.315
,0.236
,0.158
,0.106
,0.099
,0.138
,0.192
,0.211
,0.185
,0.132
,0.100
,0.113
,0.169
,0.266
,0.364
,0.411
,0.407
,0.382
,0.343
,0.282
,0.208
,0.143
,0.105
,0.093
,0.092
,0.100
,0.118
,0.145
,0.187
,0.244
,0.294
,0.332
,0.352
,0.365
,0.375
,0.375
,0.383
,0.418
,0.443
,0.426
,0.401
,0.409
,0.432
,0.457
,0.497
,0.572
,0.654
,0.704
,0.711
,0.673
,0.598
,0.491
,0.395
,0.353
,0.342
,0.308
,0.269
,0.267
,0.270
,0.240
,0.216
,0.238
,0.276
,0.272
,0.248
,0.242
,0.276
,0.349
,0.451
,0.579
,0.689
,0.736
,0.769
,0.835
,0.905
,0.928
,0.900
,0.827
,0.722
,0.604
,0.498
,0.420
,0.347
,0.253
,0.162
,0.109
,0.105
,0.153
,0.209
,0.224
,0.210
,0.211
,0.235
,0.282
,0.322
,0.351
,0.385
,0.441
,0.492
,0.516
,0.542
,0.584
,0.609
,0.599
,0.555
,0.478
,0.370
,0.240
,0.126
,0.063
,0.064
,0.111
,0.176
,0.263
,0.357
,0.409
,0.408
,0.364
,0.296
,0.233
,0.211
,0.243
,0.303
,0.366
,0.409
,0.403
,0.393
,0.424
,0.464
,0.471
,0.445
,0.409
,0.359
,0.287
,0.233
,0.212
,0.221
,0.249
,0.303
,0.392
,0.474
,0.508
,0.489
,0.426
,0.355
,0.312
,0.296
,0.293
,0.284
,0.271
,0.265
,0.280
,0.311
,0.319
,0.337
,0.387
,0.427
,0.422
,0.380
,0.332
,0.311
,0.332
,0.353
,0.337
,0.282
,0.211
,0.166
,0.171
,0.200
,0.221
,0.245
,0.277
,0.318
,0.364
,0.387
,0.379
,0.363
,0.356
,0.335
,0.287
,0.238
,0.196
,0.188
,0.216
,0.250
,0.269
,0.301
,0.356
,0.391
,0.394
,0.413
,0.471
,0.533
,0.552
,0.548
,0.542
,0.542
,0.556
,0.551
,0.507
,0.442
,0.397
,0.374
,0.360
,0.334
,0.299
,0.262
,0.224
,0.191
,0.179
,0.210
,0.285
,0.374
,0.435
,0.498
,0.573
,0.622
,0.622
,0.577
,0.496
,0.389
,0.271
,0.159
,0.047
,0.000
,0.000
,0.000
,0.027
,0.096
,0.123
,0.141
,0.187
,0.245
,0.293
,0.343
,0.386
,0.442
,0.531
,0.619
,0.655
,0.669
,0.701
,0.761
,0.859
,0.955
,1.000
,0.988
,0.940
,0.863
,0.757
,0.655
,0.541
,0.410
,0.268
,0.133
,0.010
,0.000
,0.000
,0.000
,0.000
,0.000
,0.015
,0.077
,0.130
,0.189
,0.266
,0.327
,0.342
,0.312
,0.264
,0.206
,0.132
,0.053
,0.000
,0.000
,0.000
,0.000
,0.010
,0.007
,0.000
,0.000
,0.000
,0.063
,0.127
,0.190
,0.265
,0.320
,0.329
,0.294
,0.221
,0.139
,0.089
,0.045
,0.000
,0.000
,0.000
,0.000
,0.001
,0.057
,0.100
,0.154
,0.238
,0.326
,0.366
,0.359
,0.341
,0.318
,0.275
,0.217
,0.142
,0.096
,0.101
,0.136
,0.180
,0.218
,0.244
,0.274
,0.316
,0.345
,0.327
,0.306
,0.322
,0.346
,0.352
,0.365
,0.407
,0.459
,0.502
,0.521
,0.515
,0.500
,0.474
,0.452
,0.443
,0.425
,0.395
,0.349
,0.276
,0.222
,0.215
,0.235
,0.262
,0.286
,0.299
,0.303
,0.313
,0.351
,0.404
,0.431
,0.415
,0.358
,0.285
,0.234
,0.223
,0.256
,0.327
,0.388
,0.397
,0.386
,0.395
,0.395
,0.364
,0.345
,0.366
,0.380
,0.360
,0.337
,0.346
,0.364
,0.347
,0.303
,0.266
,0.269
,0.322
,0.391
,0.418
,0.441
,0.497
,0.585
,0.678
,0.734
,0.737
,0.690
,0.599
,0.509
,0.470
,0.454
,0.413
,0.369
,0.359
,0.347
,0.304
,0.242
,0.196
,0.195
,0.244
,0.302
,0.318
,0.326
,0.369
,0.415
,0.419
,0.395
,0.385
,0.360
,0.301
,0.247
,0.235
,0.271
,0.354
,0.441
,0.482
,0.471
,0.414
,0.324
,0.211
,0.115
,0.072
,0.079
,0.104
,0.155
,0.239
,0.359
,0.512
,0.641
,0.709
,0.713
,0.668
,0.584
,0.470
,0.365
,0.313
,0.305
,
,
,
,
,
,
,
,
,
,
,
,
,
,
,
,
,
,
,
,
,
,
,
,
,
,
,
,
,
,
,
,
,
,
,
,
,
,
,
,
,
,
,
,
,
,
,
,
,
,
,
,
,
,
,
,
,
,
,
,
,
,
,
,
,
,
,
,
,
,
,
,
,
,
,
,
,
,
,
,
,
,
,
,
,
,
,
,
,
,
,
,
,
,
,
,
,
,
,
,
,
,
,
,
,
,
,
,
,
,
,
,
,
,
,
,
,
,
,
,
,
,
,
,
,
,
,
,
,
,
,
,
,
,
,
,
,
,
,
,
,
,
,
,
,
,
,
,
,
,
,
,
,
,
,
,
,
,
,
,
,
,
,
,
,
,
,
,
,
,
,
,
,
,
,
,
,
,
,
,
,
,
,
,
,
,
,
,
,
,
,
,
,
,
,
,
,
,
,
,
,
,
,
,
,
,
,
,
,
,
,
,
,
,
,
,
,
,
,
,
,
,
,
,
,
,
,
,
,
,
,
,
,
,
,
,
,
,
,
,
,
,
,
,
,
,
,
,
,
,
,
,
,
,
,
,
,
,
,
,
,
,
,
,
,
,
,
,
,
,
,
,
,
,
,
,
,
,
,
,
,
,
,
,
,
,
,
,
,
,
,
,
,
,
,
,
,
,
,
,
,
,
,
,
,
,
,
,
,
,
,
,
,
,
,
,
,
,
,
,
,
,
,
,
,
,
,
,
,
,
,
,
,
,
,
,
,
,
,
,
,
,
,
,
,
,
,
,
,
,
,
,
,
,
,
,
,
,
,
,
,
,
,
,
,
,
,
,
,
,
,
,
,
,
,
,
,
,
,
,
,
,
,
,
,
,
,
,
,
,
,
,
,
,
,
,
,
,
,
,
,
,
,
,
,
,
,
,
,
,
,
,
,
,
,
,
,
,
,
,
,
,
,
,
,
,
,
,
,
,
,
,
,
,
,
,
,
,
,
,
,
,
,
,
,
,
,
,
,
,
,
,
,
,
,
,
,
,
,
,
,
,
,
,
,
,
,
,
,
,
,
,
,
,
,
,
,
,
,
,
,
,
,
,
,
,
,
,
,
,
,
,
,
,
,
,
,
,
,
,
,
,
,
,
,
,
,
,
,
,
,
,
,
,
,
,
,
,
,
,
,
,
,
,
,
,
,
,
,
,
,
,
,
,
,
,
,
,
,
,
,
,
,
,
,
,
,
,
,
,
,
,
,
,
,
,
,
,
,
,
,
,
,
,
,
,
,
,
,
,
,
,
,
,
,
,
,
,
,
,
,
,
,
,
,
,
,
,
,
,
,
,
,
,
,
,
,
,
,
,
,
,
,
,
,
,
,
,
,
,
,
,
,
,
,
,
,
,
,
,
,
,
,
,
,
,
,
,
,
,
,
,
,
,
,
,
,
,
,
,
,
,
,
,
,
,
,
,
,
,
,
,
,
,
,
,
,
,
,
,
,
,
,
,
,
,
,
,
,
,
,
,
,
,
,
,
,
,
,
,
,
,
,
,
,
,
,
,
,
,
,
,
,
,
,
,
,
,
,
,
,
,
,
,
,
,
,
,
,
,
,
,
,
,
,
,
,
,
,
,
,
,
,
,
,
,
,
,
,
,
,
,
,
,
,
,
,
,
,
,
,
,
,
,
,
,
,
,
,
,
,
,
,
,
,
,
,
,
,
,
,
,
,
,
,
,
,
,
,
,
,
,
,
,
,
,
,
,
,
,
,
,
,
,
,
,
,
,
,
,
,
,
,
,
,
,
,
,
,
,
,
,
,
,
,
,
,
,
,
,
,
,
,
,
,
,
,
,
,
,
,
,
,
,
,
,
,
,
,
,
,
,
,
,
,
,
,
,
,
,
,
,
,
,
,
,
,
,
,
,
,
,
,
,
,
,
,
,
,
,
,
,
,
,
,
,
,
,
,
,
,
,
,
,
,
,
,
,
,
,
,
,
,
,
,
,
,
,
,
,
,
,
,
,
,
,
,
,
,
,
,
,
,
,
,
,
,
,
,
,
,
,
,
,
,
,
,
,
,
,
,
,
,
,
,
,
,
,
,
,
,
,
,
,
,
,
,
,
,
,
,
,
,
,
,
,
,
,
,
,
,
,
,
,
,
,
,
,
,
,
,
,
,
,
,
,
,
,
,
,
,
,
,
,
,
,
,
,
,
,
,
,
,
,
,
,
,
,
,
,
,
,
,
,
,
,
,
,
,
,
,
,
,
,
,
,
,
,
,
,
,
,
,
,
,
,
,
,
,
,
,
,
,
,
,
,
,
,
,
,
,
,
,
,
,
,
,
,
,
,
,
,
,
,
,
,
,
,
,
,
,
,
,
,
,
,
,
,
,
,
,
,
,
,
,
,
,
,
,
,
,
,
,
,
,
,
,
,
,
,
,
,
,
,
,
,
,
,
,
,
,
,
,
,
,
,
,
,
,
,
,
,
,
,
,
,
,
,
,
,
,
,
,
,
,
,
,
,
,
,
,
,
,
,
,
,
,
,
,
,
,
,
,
,
,
,
,
,
,
,
,
,
,
,
,
,
,
,
,
,
,
,
,
,
,
,
,
,
,
,
,
,
,
,
,
,
,
,
,
,
,
,
,
,
,
,
,
,
,
,
,
,
,
,
,
,
,
,
,
,
,
,
,
,
,
,
,
,
,
,
,
,
,
,
,
,
,
,
,
,
,
,
,
,
,
,
,
,
,
,
,
,
,
,
,
,
,
,
,
,
,
,
,
,
,
,
,
,
,
,
,
,
,
,
,
,
,
,
,
,
,
,
,
,
,
,
,
,
,
,
,
,
,
,
,
,
,
,
,
,
,
,
,
,
,
,
,
,
,
,
,
,
,
,
,
,
,
,
,
,
,
,
,
,
,
,
,
,
,
,
,
,
,
,
,
,
,
,
,
,
,
,
,
,
,
,
,
,
,
,
,
,
,
,
,
,
,
,
,
,
,
,
,
,
,
,
,
,
,
,
,
,
,
,
,
,
,
,
,
,
,
,
,
,
,
,
,
,
,
,
,
,
,
,
,
,
,
,
,
,
,
,
,
,
,
,
,
,
,
,
,
,
,
,
,
,
,
,
,
,
,
,
,
,
,
,
,
,
,
,
,
,
,
,
,
,
,
,
,
,
,
,
,
,
,
,
,
,
,
,
,
,
,
,
,
,
,
,
,
,
,
,
,
,
,
,
,
,
,
,
,
,
,
,
,
,
,
,
,
,
,
,
,
,
,
,
,
,
,
,
,
,
,
,
,
,
,
,
,
,
,
,
,
,
,
,
,
,
,
,
,
,
,
,
,
,
,
,
,
,
,
,
,
,
,
,
,
,
,
,
,
,
,
,
,
,
,
,
,
,
,
,
,
,
,
,
,
,
,
,
,
,
,
,
,
,
,
,
,
,
,
,
,
,
,
,
